# zspec for Bullet cluster from NED 
# center RA=104.65139, DEC=-55.95468, z=0.296715
# ID      X      Y   rest-frame Vel
#           [kpc]      [km/s] 
# 
  1    4583.    193.  -1391.
  2    4559.  -1101.  -1506.
  3    4525.   -650.  -1067.
  4    4409.   -491.  -1391.
  5    4314.     37.  -1437.
  6    4187.     50.  -1437.
  7    3902.   -858.  -1668.
  8    3857.   -250.  -1414.
  9    3700.   -506.  -1067.
 10    2824.   1498.   -281.
 11    2697.   2000.    228.
 12    2495.  -1869.   -558.
 13    2379.  -1047.   -928.
 14    2315.   -479.   -813.
 15    2227.   1325.    459.
 16    2214.  -1471.    806.
 17    2152.  -1655.  -1021.
 18    2088.  -1798.   -905.
 19    2069.    602.   -928.
 20    1938.   -578.   1407.
 21    1937.    343.    945.
 22    1924.   2459.  -1252.
 23    1903.    701.   -813.
 24    1826.    167.    182.
 25    1780.   -389.   1777.
 26    1740.   1141.   -420.
 27    1520.   1193.    182.
 28    1505.    767.  -1124.
 29    1504.    363.   -592.
 30    1478.    134.   1268.
 31    1475.    373.   -604.
 32    1468.    709.   -402.
 33    1429.    950.   -373.
 34    1349.    969.  -2037.
 35    1256.  -1285.   -211.
 36    1249.   -564.    -50.
 37    1227.   1190.   -188.
 38    1164.   1588.   -697.
 39    1076.    462.   -558.
 40    1072.   1580.    875.
 41    1040.    978.   2324.
 42     994.    715.   1291.
 43     921.   1986.    852.
 44     914.   1229.   1083.
 45     908.    741.    800.
 46     899.     50.   -882.
 47     833.    177.    332.
 48     769.    339.    205.
 49     758.    177.    169.
 50     736.   -499.    783.
 51     707.   1025.   1060.
 52     705.    278.    713.
 53     703.    617.   -766.
 54     684.    181.    389.
 55     646.    377.   -854.
 56     609.    612.   -204.
 57     605.    204.    433.
 58     572.    665.   1374.
 59     552.     25.  -1229.
 60     528.    166.   2077.
 61     517.   1308.    829.
 62     503.   1765.     20.
 63     497.    630.  -2731.
 64     481.  -1005.    390.
 65     468.   -931.  -1113.
 66     468.    831.   -304.
 67     468.    988.    205.
 68     466.  -1188.   1869.
 69     465.  -2034.    -50.
 70     455.    202.   1068.
 71     431.   -695.    752.
 72     418.    113.   -653.
 73     400.  -1586.   1153.
 74     378.   -762.    783.
 75     344.   -994.   2494.
 76     338.  -1210.   -743.
 77     331.   1574.    135.
 78     326.   1167.   -119.
 79     317.    408.  -2639.
 80     310.    -74.  -1113.
 81     288.  -1385.    783.
 82     288.    136.  -1067.
 83     279.   1397.  -1969.
 84     274.    354.  -2214.
 85     251.  -1122.   -951.
 86     250.    319.  -2008.
 87     236.   -156.   -173.
 88     230.   -896.   -766.
 89     224.  -1353.   1176.
 90     219.  -2315.   1707.
 91     209.   1039.     89.
 92     208.    269.    135.
 93     199.    705.   -202.
 94     199.   -187.  -1322.
 95     199.    110.  -2591.
 96     183.    484.   -674.
 97     162.    394.    881.
 98     161.   -737.    116.
 99     162.    177.  -1602.
100     150.  -2062.    -96.
101     127.     43.   1060.
102     124.    186.  -1182.
103     106.    -68.    274.
104      82.    260.    961.
105      54.   1676.    158.
106      50.   -387.  -1014.
107      50.    -14.    773.
108      50.     53.   2453.
109      41.     88.    -43.
110      35.    -10.    783.
111      31.    107.   -535.
112      31.     58.   2447.
113      22.    176.     -3.
114      21.  -1305.    -50.
115      12.     79.    368.
116      12.     -5.  -1564.
117      12.    567.   1206.
118       7.    559.   1199.
119       4.   -852.   1939.
120       0.      0.  -1575.
121      -4.   2000.   -928.
122     -14.   -445.  -1159.
123     -23.   1080.   1314.
124     -25.     62.   -190.
125     -25.    235.  -1542.
126     -25.    248.    306.
127     -25.    199.   1346.
128     -25.   -449.  -1151.
129     -25.    532.   -972.
130     -25.    261.    -62.
131     -27.   -927.  -1252.
132     -29.    129.   -488.
133     -42.     62.    -26.
134     -42.   -139.   1407.
135     -50.   -251.   2424.
136     -54.   -816.    112.
137     -54.  -1228.  -2130.
138     -62.    221.    457.
139     -62.   -129.   1397.
140     -62.    -27.  -1195.
141     -62.    -67.   2026.
142     -62.   -462.    -34.
143     -64.    -40.    468.
144     -69.    225.    459.
145     -73.    299.  -1737.
146     -93.   -131.   2355.
147     -99.    -67.    241.
148    -112.    -65.    251.
149    -114.   -844.    112.
150    -122.    290.    -96.
151    -137.    323.   -925.
152    -137.   -138.  -2206.
153    -137.    283.   -104.
154    -137.   -547.   1511.
155    -152.    863.   -998.
156    -152.    330.   -928.
157    -163.    621.    783.
158    -173.    -64.  -1132.
159    -174.   -475.   -956.
160    -174.     75.   -550.
161    -185.    -76.  -1136.
162    -193.  -2102.   1338.
163    -211.   -357.    725.
164    -211.   -547.  -1275.
165    -211.   -152.    336.
166    -225.  -1525.   2309.
167    -229.   -849.   2340.
168    -231.   -149.    343.
169    -235.   -348.    644.
170    -240.  -1478.  -1460.
171    -245.  -1441.  -2084.
172    -261.    213.   -951.
173    -268.  -1484.  -1159.
174    -277.  -1826.   -235.
175    -281.   1854.     43.
176    -286.    -23.    510.
177    -299.    -20.    482.
178    -306.   -677.   -304.
179    -323.   -644.    685.
180    -323.   -347.   1099.
181    -323.   -178.  -1057.
182    -343.   1822.  -1437.
183    -342.   -348.   1106.
184    -360.   -360.   1413.
185    -395.    345.    797.
186    -397.  -1443.  -1437.
187    -403.  -1263.  -1945.
188    -420.    702.   -258.
189    -455.   -460.    228.
190    -465.  -1453.   1338.
191    -472.   -475.    231.
192    -509.   -888.    251.
193    -546.   -839.    262.
194    -546.   -835.    345.
195    -550.   -834.    343.
196    -613.    106.  -1044.
197    -669.   -264.   1407.
198    -671.   1511.    -96.
199    -669.  -2097.    921.
200    -672.    -61.    436.
201    -708.    416.   2355.
202    -734.   1038.   -951.
203    -761.  -2401.    783.
204    -768.    300.   1823.
205    -776.  -2372.   -928.
206    -819.   -805.   -258.
207    -822.    756.   -928.
208    -845.    464.     43.
209    -892.   -390.   -697.
210    -918.  -1364.   -836.
211    -964.   1598.    598.
212    -969.    353.   2285.
213   -1072.   -936.   -720.
214   -1105.    420.   1245.
215   -1103.  -1889.    -26.
216   -1144.  -1755.   -443.
217   -1218.    -60.   1176.
218   -1284.    167.    -50.
219   -1384.    203.   1731.
220   -1918.    699.  -1298.
221   -1925.   -635.   1962.
222   -1988.   -355.   -188.
223   -2377.  -1045.   -373.
224   -2871.    154.   -836.
225   -3181.    285.   -882.
226   -3264.   1297.    713.
227   -3268.   -115.   -489.
228   -3297.  -2059.   1430.
229   -3716.   -982.    343.
230   -3834.  -1830.   -882.
231   -3834.  -1830.   -882.
